1554391708.84 74
1554391710.91 75
1554391716.4 76
1554392359.39 77
1554392361.36 78
1554392716.76 79
1554392720.0 80
1554392802.84 81
1554392806.06 82
1554393416.42 83
1554393454.24 84
1554393455.9 85
1554396152.2 86
1554397563.52 87
1554399523.84 88
1554406145.08 89
1554406149.76 90
1554406155.34 91
1554406158.8 92
1554415788.09 93
1554415789.35 94
1554415790.23 95
1554415793.36 96
1554415822.22 97
1554436347.09 98
1554457653.23 99
1554470994.14 100
1554473443.42 101
1554491059.83 102
1554492492.35 103
1554492496.23 104
1554499918.71 105
1554527483.11 106
1554530619.27 107
1554530640.11 108
1554537330.23 109
1554537354.01 110
1554537361.36 111
1554537368.13 112
1554537372.22 113
1554537375.15 114
1554537378.46 115
1554537380.28 116
1554537381.6 117
1554537383.78 118
1554578961.16 119
1554579046.14 120
1554639449.89 121
1554649291.8 122
1554649486.25 123
1554649488.56 124
1554649489.56 125
1554652821.87 126
1554654693.2 127
1554661381.52 128
1554668732.47 129
1554669016.52 130
1554714182.53 131
1554718434.09 132
1554722764.0 133
1554722768.3 134
1554722772.05 135
1554722774.92 136
1554722790.72 137
1554722792.4 138
1554722793.93 139
1554722795.3 140
1554722798.48 141
1554722799.95 142
1554722801.37 143
1554722819.85 144
1554722821.53 145
1554722822.91 146
1554722824.45 147
1554736972.11 148
1554736974.74 149
1554749212.71 150
1554749212.89 151
1554749217.98 152
1554749223.09 153
1554749228.19 154
1554749233.29 155
1554749238.39 156
1554749243.49 157
1554749248.59 158
1554749253.68 159
1554749255.59 160
1554749259.75 161
1554749259.9 162
1554749324.95 163
1554749330.03 164
1554749331.14 165
1554749331.3 166
1554749336.31 167
1554749341.41 168
1554749346.5 169
1554749351.6 170
1554749356.69 171
1554749361.78 172
1554749366.89 173
1554749372.0 174
1554749376.88 175
1554749381.89 176
1554749382.41 177
1554749382.64 178
1554749386.8 179
1554749386.95 180
1554749392.02 181
1554749397.12 182
1554749402.23 183
1554749407.33 184
1554749412.43 185
1554749417.53 186
1554749422.63 187
1554749427.74 188
1554749432.84 189
1554749437.93 190
1554749443.04 191
1554749445.68 192
1554749445.81 193
1554749450.82 194
1554749451.05 195
1554749451.18 196
1554749456.19 197
1554749461.29 198
1554749466.39 199
1554749471.5 200
1554749476.63 201
1554749481.74 202
1554749486.84 203
1554749491.94 204
1554749497.04 205
1554749502.13 206
1554749507.23 207
1554749507.96 208
1554749508.36 209
1554749513.37 210
1554749515.64 211
1554749515.77 212
1554749520.78 213
1554749525.89 214
1554749531.0 215
1554749536.1 216
1554749541.19 217
1554749546.29 218
1554749551.39 219
1554749556.49 220
1554749561.37 221
1554749566.38 222
1554749568.59 223
1554749568.72 224
1554749572.88 225
1554749573.02 226
1554749578.1 227
1554749583.21 228
1554749588.31 229
1554749593.41 230
1554749598.51 231
1554749603.62 232
1554749608.72 233
1554749613.83 234
1554749618.92 235
1554749624.03 236
1554749629.13 237
1554749630.01 238
1554749630.38 239
1554749635.39 240
1554749637.63 241
1554749637.75 242
1554749642.76 243
1554749647.86 244
1554749652.97 245
1554749658.07 246
1554749663.17 247
1554749668.28 248
1554749673.38 249
1554749678.49 250
1554749683.26 251
1554749688.27 252
1554749690.48 253
1554749690.72 254
1554749694.86 255
1554749695.06 256
1554749726.19 257
1554749731.29 258
1554749736.4 259
1554749740.56 260
1554749744.69 261
1554749744.83 262
1554749749.9 263
1554749750.14 264
1554749750.27 265
1554749755.28 266
1554749757.48 267
1554749757.64 268
1554749762.65 269
1554749767.76 270
1554749772.87 271
1554749777.97 272
1554749783.08 273
1554749788.18 274
1554749793.28 275
1554749798.4 276
1554749803.51 277
1554749810.12 278
1554749812.25 279
1554749812.4 280
1554749999.54 281
1554750065.35 282
1554750087.91 283
1554750090.8 284
1554750093.45 285
1554750103.81 286
1554750105.35 287
1554750107.37 288
1554750108.85 289
1554750732.25 290
1554750732.64 291
1554750732.79 292
1554750736.93 293
1554750741.25 294
1554750741.48 295
1554750741.68 296
1554750741.84 297
1554750746.91 298
1554750747.18 299
1554750747.31 300
1554750752.32 301
1554750757.41 302
1554750762.52 303
1554750767.63 304
1554750772.73 305
1554750777.84 306
1554750782.94 307
1554750788.04 308
1554750793.15 309
1554750798.26 310
1554750803.37 311
1554750803.93 312
1554750804.09 313
1554750809.11 314
1554750811.3 315
1554750811.44 316
1554750816.45 317
1554750821.56 318
1554750826.66 319
1554750831.76 320
1554750836.87 321
1554750841.96 322
1554750847.07 323
1554750852.17 324
1554750857.27 325
1554750866.93 326
1554750867.17 327
1554750867.3 328
1554750872.31 329
1554750874.5 330
1554750874.65 331
1554750879.66 332
1554750884.75 333
1554750889.86 334
1554750894.96 335
1554750900.07 336
1554750905.16 337
1554750910.26 338
1554750915.37 339
1554750920.47 340
1554750926.08 341
1554750928.26 342
1554750928.41 343
1554750931.59 344
1554750931.74 345
1554750936.84 346
1554750941.95 347
1554750947.06 348
1554750952.07 349
1554750957.16 350
1554750962.26 351
1554750967.36 352
1554750972.47 353
1554750977.57 354
1554750982.67 355
1554750987.65 356
1554750987.78 357
1554750992.88 358
1554750993.12 359
1554750993.25 360
1554750998.26 361
1554751003.37 362
1554751008.48 363
1554751013.57 364
1554751018.67 365
1554751023.76 366
1554751028.86 367
1554751033.96 368
1554751039.07 369
1554751047.72 370
1554751047.95 371
1554751048.13 372
1554751053.14 373
1554751055.32 374
1554751055.52 375
1554751060.53 376
1554751065.64 377
1554751070.74 378
1554751075.85 379
1554751080.95 380
1554751086.04 381
1554751091.14 382
1554751096.24 383
1554751101.34 384
1554751108.06 385
1554751110.24 386
1554751110.4 387
1554751113.57 388
1554751113.77 389
1554751118.91 390
1554751124.02 391
1554751129.13 392
1554761680.18 393
1554799393.11 394
1554819491.75 395
1554829774.27 396
1554842004.97 397
1554842059.99 398
1554842060.94 399
1554842061.2 400
1554842066.28 401
1554842067.39 402
1554842067.53 403
1554842070.69 404
1554842070.83 405
1554842075.92 406
1554842076.16 407
1554842076.3 408
1554842081.31 409
1554842083.48 410
1554842083.61 411
1554842088.61 412
1554842093.72 413
1554842098.82 414
1554842103.91 415
1554842109.02 416
1554842114.11 417
1554842119.2 418
1554842124.31 419
1554842129.42 420
1554842136.09 421
1554842138.28 422
1554842138.41 423
1554842141.58 424
1554842141.73 425
1554842146.81 426
1554842151.91 427
1554842157.01 428
1554842162.11 429
1554842167.2 430
1554842172.29 431
1554842177.39 432
1554842182.5 433
1554842187.6 434
1554842196.31 435
1554842198.4 436
1554842198.53 437
1554842201.7 438
1554842201.82 439
1554842206.89 440
1554842211.99 441
1554842217.08 442
1554842222.18 443
1554842227.29 444
1554842232.4 445
1554842237.5 446
1554842242.61 447
1554842247.71 448
1554842256.4 449
1554842258.51 450
1554842258.65 451
1554842261.93 452
1554842262.06 453
1554842267.14 454
1554842272.24 455
1554842277.34 456
1554842282.44 457
1554842287.54 458
1554842292.63 459
1554842297.74 460
1554842302.83 461
1554842307.94 462
1554842313.05 463
1554842318.14 464
1554842319.83 465
1554842320.05 466
1554842325.06 467
1554842327.46 468
1554842327.59 469
1554842332.6 470
1554842337.71 471
1554842342.82 472
1554842347.91 473
1554842353.02 474
1554842358.12 475
1554842363.21 476
1554842368.32 477
1554842373.05 478
1554842378.07 479
1554842380.26 480
1554842380.39 481
1554842385.41 482
1554842387.67 483
1554842387.8 484
1554842392.81 485
1554842397.91 486
1554842403.01 487
1554842408.1 488
1554842413.2 489
1554842418.3 490
1554842423.39 491
1554842428.5 492
1554842433.3 493
1554842438.31 494
1554842440.51 495
1554842440.63 496
1554842444.79 497
1554842444.96 498
1554842450.06 499
1554842455.17 500
1554842460.28 501
1554842465.37 502
1554842470.48 503
1554842475.59 504
1554842480.68 505
1554842485.78 506
1554842490.87 507
1554842499.73 508
1554842499.96 509
1554842500.09 510
1554842505.1 511
1554842507.28 512
1554842507.39 513
1554842512.41 514
1554842517.52 515
1554842522.61 516
1554842527.72 517
1554842532.82 518
1554842537.92 519
1554842543.01 520
1554842548.12 521
1554842553.21 522
1554842558.32 523
1554842563.42 524
1554842564.78 525
1554842564.91 526
1554842569.92 527
1554842570.13 528
1554842570.27 529
1554842575.28 530
1554842580.39 531
1554842585.48 532
1554842590.59 533
1554842595.69 534
1554842600.78 535
1554842605.89 536
1554842611.0 537
1554842616.1 538
1554842624.73 539
1554842624.98 540
1554842625.12 541
1554842630.13 542
1554842632.31 543
1554842632.43 544
1554842637.44 545
1554842642.54 546
1554842647.65 547
1554842652.74 548
1554842657.84 549
1554842662.94 550
1554842668.05 551
1554842673.15 552
1554842678.24 553
1554842686.87 554
1554842687.1 555
1554842687.23 556
1554842692.24 557
1554842694.52 558
1554842694.65 559
1554842699.66 560
1554842704.76 561
1554842709.87 562
1554842714.98 563
1554842720.09 564
1554888132.6655917 565
1554903417.0715692 566
1554919822.7588408 567
1554919911.9107451 568
1554920471.2646325 569
1554920799.1374135 570
1554920995.0545797 571
1554921299.5650516 572
1554927080.6680112 573
1554928493.6321058 574
1554928500.0569668 575
1554928505.345911 576
1554928507.055469 577
1554928519.53644 578
1554928531.6543097 579
1554928536.8229802 580
1554992455.2542543 581
1554994709.2906954 582
1554994766.9931626 583
1554995745.0695367 584
1554995829.8439772 585
1554995841.159683 586
1555004814.6912885 587
1555008845.8903615 588
1555049486.701423 589
1555053237.8321192 590
1555066835.8120873 591
1555066835.9164007 592
